0.782 4.71163245357
0.791 4.71163245357
0.8 4.71163245357
0.809 4.71163245357
0.819 4.71163245357
0.828 4.71163245357
0.838 4.71163245357
0.847 4.71163245357
0.857 4.71163245357
0.866 4.71163245357
0.875 4.71163245357
0.884 4.71163245357
0.893 4.71163245357
0.904 4.71163245357
0.913 4.71163245357
0.922 4.71163245357
0.931 4.71163245357
0.941 4.71163245357
0.95 4.7165200391
0.959 4.71163245357
0.969 4.71163245357
0.978 4.71163245357
0.988 4.71163245357
0.997 4.71163245357
1.006 4.71163245357
1.016 4.71163245357
1.027 4.71163245357
1.038 4.70674486804
1.048 4.71163245357
1.058 4.70674486804
1.069 4.70674486804
1.079 4.71163245357
1.089 4.71163245357
1.099 4.71163245357
1.111 4.71163245357
1.121 4.71163245357
1.131 4.71163245357
1.141 4.71163245357
1.152 4.71163245357
1.162 4.71163245357
1.173 4.71163245357
1.183 4.71163245357
1.193 4.71163245357
1.204 4.71163245357
1.214 4.7165200391
1.224 4.71163245357
1.235 4.71163245357
1.246 4.71163245357
1.256 4.71163245357
1.266 4.71163245357
1.276 4.71163245357
1.287 4.71163245357
1.297 4.71163245357
1.308 4.71163245357
1.318 4.71163245357
1.329 4.70674486804
1.339 4.71163245357
1.349 4.70674486804
1.359 4.71163245357
1.371 4.71163245357
1.381 4.71163245357
1.391 4.71163245357
1.401 4.71163245357
1.412 4.70674486804
1.422 4.70674486804
1.432 4.70674486804
1.443 4.71163245357
1.454 4.71163245357
1.464 4.7165200391
1.474 4.71163245357
1.484 4.7165200391
1.495 4.71163245357
1.506 4.71163245357
1.516 4.71163245357
1.526 4.71163245357
1.537 4.70674486804
1.547 4.71163245357
1.557 4.71163245357
1.568 4.71163245357
1.579 4.71163245357
1.589 4.71163245357
1.599 4.71163245357
1.609 4.71163245357
1.619 4.71163245357
1.63 4.71163245357
1.641 4.70674486804
1.651 4.70674486804
1.661 4.71163245357
1.672 4.71163245357
1.682 4.71163245357
1.692 4.71163245357
1.703 4.71163245357
1.714 4.71163245357
1.724 4.71163245357
1.734 4.71163245357
1.744 4.71163245357
1.755 4.71163245357
1.765 4.71163245357
1.776 4.71163245357
1.786 4.71163245357
1.797 4.70674486804
1.807 4.71163245357
1.817 4.70674486804
1.827 4.71163245357
1.839 4.71163245357
1.849 4.71163245357
1.859 4.71163245357
1.869 4.71163245357
1.88 4.71163245357
1.89 4.71163245357
1.901 4.71163245357
1.911 4.71163245357
1.922 4.70674486804
1.932 4.71163245357
1.942 4.70674486804
1.952 4.71163245357
1.963 4.71163245357
1.974 4.71163245357
1.984 4.71163245357
1.994 4.71163245357
2.004 4.71163245357
2.015 4.71163245357
2.025 4.71163245357
2.036 4.71163245357
2.046 4.71163245357
2.057 4.71163245357
2.067 4.71163245357
2.077 4.71163245357
2.087 4.71163245357
2.098 4.71163245357
2.109 4.71163245357
2.119 4.71163245357
2.129 4.71163245357
2.14 4.71163245357
2.15 4.71163245357
2.16 4.71163245357
2.171 4.70674486804
2.182 4.71163245357
2.192 4.71163245357
2.202 4.71163245357
2.212 4.71163245357
2.223 4.71163245357
2.234 4.71163245357
2.244 4.71163245357
2.254 4.71163245357
2.265 4.7165200391
2.275 4.71163245357
2.285 4.71163245357
2.295 4.71163245357
2.307 4.71163245357
2.317 4.71163245357
2.327 4.71163245357
2.337 4.71163245357
2.348 4.71163245357
2.358 4.71163245357
2.369 4.71163245357
2.379 4.7165200391
2.39 4.71163245357
2.4 4.71163245357
2.41 4.71163245357
2.42 4.71163245357
2.43 4.71163245357
2.442 4.71163245357
2.452 4.71163245357
2.462 4.70674486804
2.472 4.70674486804
2.483 4.71163245357
2.493 4.71163245357
2.504 4.71163245357
2.514 4.71163245357
2.525 4.71163245357
2.535 4.71163245357
2.545 4.71163245357
2.555 4.71163245357
2.567 4.7165200391
2.577 4.71163245357
2.587 4.71163245357
2.597 4.70674486804
2.608 4.71163245357
2.618 4.71163245357
2.628 4.71163245357
2.639 4.71163245357
2.65 4.71163245357
2.66 4.71163245357
2.67 4.71163245357
2.68 4.7165200391
2.691 4.71163245357
2.702 4.71163245357
2.712 4.70674486804
2.722 4.71163245357
2.733 4.71163245357
2.743 4.71163245357
2.753 4.70674486804
2.763 4.71163245357
2.775 4.71163245357
2.785 4.71163245357
2.795 4.71163245357
2.805 4.71163245357
2.816 4.71163245357
2.826 4.71163245357
2.837 4.70674486804
2.847 4.70674486804
2.857 4.71163245357
2.868 4.71163245357
2.878 4.7165200391
2.888 4.71163245357
2.899 4.71163245357
2.91 4.71163245357
2.92 4.71163245357
2.93 4.71163245357
2.94 4.71163245357
2.951 4.71163245357
2.961 4.71163245357
2.972 4.71163245357
2.982 4.71163245357
2.993 4.71163245357
3.003 4.71163245357
3.013 4.71163245357
3.023 4.70674486804
3.035 4.71163245357
3.045 4.71163245357
3.055 4.71163245357
3.065 4.71163245357
3.076 4.71163245357
3.086 4.70674486804
3.096 4.71163245357
3.107 4.71163245357
3.118 4.71163245357
3.128 4.71163245357
3.138 4.71163245357
3.148 4.71163245357
3.159 4.71163245357
3.17 4.71163245357
3.18 4.71163245357
3.19 4.71163245357
3.201 4.71163245357
3.211 4.71163245357
3.221 4.71163245357
3.232 4.71163245357
3.243 4.71163245357
3.253 4.71163245357
3.263 4.71163245357
3.273 4.71163245357
3.283 4.71163245357
3.294 4.71163245357
3.305 4.70674486804
3.315 4.71163245357
3.325 4.70674486804
3.336 4.70674486804
3.346 4.71163245357
3.356 4.71163245357
3.367 4.71163245357
3.378 4.71163245357
3.388 4.70674486804
3.398 4.71163245357
3.408 4.71163245357
3.419 4.71163245357
3.429 4.71163245357
3.44 4.71163245357
3.45 4.71163245357
3.461 4.71163245357
3.471 4.71163245357
3.481 4.71163245357
3.491 4.71163245357
3.503 4.71163245357
3.513 4.7165200391
3.523 4.71163245357
3.533 4.71163245357
3.544 4.70674486804
3.554 4.71163245357
3.565 4.71163245357
3.575 4.70674486804
3.586 4.70674486804
3.596 4.70674486804
3.606 4.71163245357
3.616 4.71163245357
3.627 4.71163245357
3.638 4.71163245357
3.648 4.71163245357
3.658 4.71163245357
3.668 4.71163245357
3.679 4.71163245357
3.689 4.71163245357
3.7 4.71163245357
3.71 4.71163245357
3.721 4.71163245357
3.731 4.71163245357
3.741 4.71163245357
3.751 4.71163245357
3.762 4.71163245357
3.773 4.71163245357
3.783 4.71163245357
3.793 4.71163245357
3.804 4.71163245357
3.814 4.7165200391
3.824 4.71163245357
3.835 4.70674486804
3.846 4.71163245357
3.856 4.71163245357
3.866 4.71163245357
3.876 4.71163245357
3.887 4.71163245357
3.898 4.71163245357
3.908 4.71163245357
3.918 4.71163245357
3.929 4.71163245357
3.939 4.71163245357
3.949 4.71163245357
3.959 4.71163245357
3.971 4.71163245357
3.981 4.71163245357
3.991 4.71163245357
4.001 4.71163245357
4.012 4.71163245357
4.022 4.71163245357
4.033 4.71163245357
4.043 4.71163245357
4.054 4.71163245357
4.064 4.71163245357
4.074 4.71163245357
4.084 4.71163245357
4.094 4.71163245357
4.106 4.71163245357
4.116 4.71163245357
4.126 4.71163245357
4.136 4.71163245357
4.147 4.71163245357
4.157 4.70674486804
4.168 4.70674486804
4.178 4.71163245357
4.189 4.71163245357
4.199 4.71163245357
4.209 4.71163245357
4.219 4.71163245357
4.231 4.71163245357
4.241 4.70674486804
4.251 4.71163245357
4.261 4.71163245357
4.272 4.70674486804
4.282 4.71163245357
4.292 4.71163245357
4.303 4.70674486804
4.314 4.71163245357
4.324 4.71163245357
4.334 4.71163245357
4.344 4.7165200391
4.355 4.71163245357
4.366 4.71163245357
4.376 4.71163245357
4.386 4.71163245357
4.397 4.71163245357
4.407 4.71163245357
4.417 4.71163245357
4.427 4.70674486804
4.439 4.70674486804
4.449 4.71163245357
4.459 4.70674486804
4.469 4.71163245357
4.48 4.70674486804
4.49 4.71163245357
4.501 4.71163245357
4.511 4.72140762463
4.521 4.7165200391
4.532 4.71163245357
4.542 4.69696969697
4.552 4.69696969697
4.563 4.71163245357
4.574 4.7165200391
4.584 4.73607038123
4.594 4.71163245357
4.604 4.70674486804
4.615 4.71163245357
4.625 4.71163245357
4.636 4.71163245357
4.646 4.71163245357
4.657 4.71163245357
4.667 4.7018572825
4.677 4.70674486804
4.687 4.71163245357
4.699 4.7165200391
4.709 4.72140762463
4.719 4.70674486804
4.729 4.7018572825
4.74 4.71163245357
4.75 4.71163245357
4.76 4.7165200391
4.771 4.71163245357
4.782 4.71163245357
4.792 4.70674486804
4.802 4.7165200391
4.812 4.72140762463
4.823 4.7311827957
4.834 4.72629521017
4.844 4.74095796676
4.854 4.7458455523
4.865 4.77028347996
4.875 4.78494623656
4.885 4.80449657869
4.896 4.81427174976
4.907 4.82404692082
4.917 4.84359726295
4.927 4.86314760508
4.937 4.89247311828
4.948 4.91202346041
4.96 4.94134897361
4.972 4.9706744868
4.983 5.0
4.995 5.0
5.006 5.0
5.017 5.0
5.029 5.0
5.041 5.0
5.052 5.0
5.063 5.0
5.074 5.0
5.086 5.0
5.098 5.0
5.109 5.0
5.121 5.0
5.132 5.0
5.143 5.0
5.154 5.0
5.167 5.0
5.178 5.0
5.189 5.0
5.2 5.0
5.212 5.0
5.223 5.0
5.235 5.0
5.246 5.0
5.258 5.0
5.269 5.0
5.28 5.0
5.292 5.0
5.304 5.0
5.315 5.0
5.326 5.0
5.338 5.0
5.349 5.0
5.361 5.0
5.372 5.0
5.384 5.0
5.395 5.0
5.406 5.0
5.417 5.0
5.43 5.0
5.441 5.0
5.452 5.0
5.464 5.0
5.475 5.0
5.486 5.0
5.498 5.0
5.51 5.0
5.521 5.0
5.532 5.0
5.543 5.0
5.555 5.0
5.567 5.0
5.578 5.0
5.59 5.0
5.601 5.0
5.612 5.0
5.623 5.0
5.636 5.0
5.647 5.0
5.658 5.0
5.669 5.0
5.681 5.0
5.692 5.0
5.704 4.97556207234
5.715 4.94623655914
5.727 4.90224828935
5.738 4.88758553275
5.749 4.85826001955
5.761 4.82893450635
5.771 4.80449657869
5.781 4.77517106549
5.791 4.7605083089
5.801 4.74095796676
5.812 4.72140762463
5.822 4.70674486804
5.833 4.6871945259
5.843 4.65786901271
5.854 4.63831867058
5.864 4.62854349951
5.874 4.61388074291
5.884 4.56500488759
5.896 4.56989247312
5.906 4.54056695992
5.916 4.50146627566
5.926 4.50146627566
5.937 4.49657869013
5.947 4.477028348
5.957 4.4623655914
5.968 4.40860215054
5.979 4.39882697947
5.989 4.403714565
5.999 4.36461388074
6.009 4.29618768328
6.02 4.32551319648
6.031 4.29130009775
6.041 4.28152492669
6.051 4.27174975562
6.062 4.25219941349
6.072 4.23264907136
6.082 4.20332355816
6.093 4.18866080156
6.104 4.1642228739
6.114 4.15933528837
6.124 4.1642228739
6.134 4.13000977517
6.145 4.10557184751
6.155 4.08602150538
6.166 4.05669599218
6.176 4.08113391984
6.187 4.07624633431
6.197 4.04203323558
6.207 4.00782013685
6.217 4.03225806452
6.228 3.98338220919
6.239 3.97360703812
6.249 3.90518084066
6.259 3.9247311828
6.269 3.91495601173
6.28 3.880742913
6.29 3.89051808407
6.301 3.90029325513
6.311 3.87585532747
6.322 3.84652981427
6.332 3.78299120235
6.342 3.66568914956
6.352 3.79765395894
6.364 3.81231671554
6.374 3.79765395894
6.384 3.72922776149
6.394 3.73411534702
6.405 3.74877810362
6.415 3.69012707722
6.426 3.6265884653
6.436 3.68523949169
6.447 3.67546432063
6.457 3.6119257087
6.467 3.62170087977
6.477 3.63147605083
6.488 3.65102639296
6.499 3.67546432063
6.509 3.60215053763
6.519 3.57282502444
6.53 3.57771260997
6.54 3.5826001955
6.55 3.54349951124
6.561 3.56304985337
6.572 3.53861192571
6.582 3.51417399804
6.592 3.52883675464
6.602 3.51906158358
6.612 3.53861192571
6.623 3.55327468231
6.634 3.46529814272
6.644 3.49462365591
6.654 3.50928641251
6.665 3.49951124145
6.675 3.52883675464
6.685 3.52394916911
6.696 3.50439882698
6.707 3.48484848485
6.717 3.49462365591
6.727 3.53372434018
6.737 3.50928641251
6.748 3.53861192571
6.759 3.57282502444
6.769 3.55327468231
6.779 3.57282502444
6.79 3.69990224829
6.8 3.67057673509
6.81 3.6412512219
6.82 3.66080156403
6.832 3.68035190616
6.842 3.72922776149
6.852 3.74877810362
6.862 3.77810361681
6.873 3.80742913001
6.883 3.81720430108
6.894 3.82697947214
6.904 3.8660801564
6.915 3.93450635386
6.925 3.94428152493
6.935 3.94916911046
6.945 3.94916911046
6.956 3.95894428152
6.967 4.02248289345
6.977 4.04692082111
6.987 4.06647116325
6.998 4.08113391984
7.008 4.07624633431
7.018 4.13000977517
7.029 4.15444770283
7.04 4.21309872923
7.05 4.20332355816
7.06 4.22287390029
7.07 4.24242424242
7.08 4.27663734115
7.092 4.29618768328
7.102 4.34017595308
7.112 4.35483870968
7.122 4.35483870968
7.133 4.37438905181
7.143 4.42326490714
7.153 4.45259042033
7.164 4.48680351906
7.175 4.53079178886
7.185 4.51124144673
7.195 4.53079178886
7.205 4.55034213099
7.216 4.58944281525
7.227 4.57966764418
7.237 4.60899315738
7.247 4.61388074291
7.258 4.62365591398
7.268 4.65298142717
7.278 4.67741935484
7.288 4.71163245357
7.3 4.71163245357
7.31 4.7311827957
7.32 4.7458455523
7.33 4.77028347996
7.341 4.79472140762
7.351 4.81427174976
7.362 4.82404692082
7.372 4.83870967742
7.383 4.84848484848
7.393 4.88269794721
7.403 4.90224828935
7.414 4.92179863148
7.427 4.94623655914
7.438 4.9706744868
7.449 4.99022482893
7.46 5.0
7.472 5.0
7.483 5.0
7.495 5.0
7.506 5.0
7.518 5.0
7.529 5.0
7.54 5.0
7.552 5.0
7.564 5.0
7.575 5.0
7.586 5.0
7.598 5.0
7.609 5.0
7.62 5.0
7.632 5.0
7.644 5.0
7.655 5.0
7.666 5.0
7.677 5.0
7.689 5.0
7.701 5.0
7.712 5.0
7.724 5.0
7.735 5.0
7.746 5.0
7.758 5.0
7.77 5.0
7.781 5.0
7.792 5.0
7.803 5.0
7.815 5.0
7.827 5.0
7.838 5.0
7.849 5.0
7.861 4.98044965787
7.872 4.95601173021
7.883 4.92668621701
7.896 4.89736070381
7.907 4.85337243402
7.917 4.82893450635
7.927 4.80449657869
7.938 4.76539589443
7.948 4.74095796676
7.959 4.69696969697
7.969 4.67253176931
7.98 4.64809384164
7.99 4.58944281525
8.0 4.55034213099
8.01 4.52101661779
8.02 4.49169110459
8.032 4.4623655914
8.042 4.41348973607
8.052 4.37438905181
8.062 4.28641251222
8.073 4.31573802542
8.083 4.27663734115
8.094 4.25708699902
8.104 4.24731182796
8.115 4.15933528837
8.125 4.14467253177
8.135 4.11045943304
8.145 4.10068426197
8.157 4.03225806452
8.167 4.03225806452
8.177 3.98826979472
8.187 3.96383186706
8.198 3.93450635386
8.208 3.92961876833
8.218 3.91495601173
8.229 3.89051808407
8.24 3.80254154448
8.25 3.83186705767
8.26 3.81720430108
8.27 3.80742913001
8.281 3.82209188661
8.292 3.74389051808
8.302 3.70967741935
8.312 3.74389051808
8.323 3.66568914956
8.333 3.65102639296
8.343 3.63147605083
8.353 3.57282502444
8.365 3.55327468231
8.375 3.53861192571
8.385 3.53861192571
8.395 3.54838709677
8.406 3.53372434018
8.416 3.47507331378
8.427 3.45552297165
8.437 3.41153470186
8.448 3.43597262952
8.458 3.42619745846
8.468 3.40175953079
8.478 3.38709677419
8.489 3.39198435973
8.5 3.33333333333
8.51 3.35288367546
8.52 3.35288367546
8.53 3.38220918866
8.541 3.3137829912
8.551 3.2991202346
8.562 3.25024437928
8.572 3.33822091887
8.583 3.32355816227
8.593 3.30400782014
8.603 3.30400782014
8.613 3.22580645161
8.625 3.29423264907
8.635 3.2991202346
8.645 3.26490713587
8.655 3.3137829912
8.666 3.28934506354
8.676 3.2991202346
8.686 3.21603128055
8.697 3.35288367546
8.708 3.3431085044
8.718 3.32355816227
8.728 3.27956989247
8.738 3.30889540567
8.749 3.34799608993
8.76 3.36754643206
8.77 3.43597262952
8.78 3.39198435973
8.791 3.40175953079
8.801 3.44086021505
8.811 3.41642228739
8.822 3.44574780059
8.833 3.46041055718
8.843 3.48973607038
8.853 3.47018572825
8.863 3.45552297165
8.873 3.52394916911
8.884 3.55816226784
8.895 3.5826001955
8.905 3.58748778104
8.915 3.57771260997
8.926 3.5972629521
8.936 3.64613880743
8.946 3.66568914956
8.957 3.69990224829
8.968 3.69990224829
8.978 3.76832844575
8.988 3.71945259042
8.998 3.78787878788
9.009 3.82697947214
9.019 3.88563049853
9.03 3.87096774194
9.04 3.90518084066
9.051 3.91984359726
9.061 3.96871945259
9.071 4.01759530792
9.081 4.03225806452
9.093 4.05180840665
9.103 4.06158357771
9.113 4.08602150538
9.123 4.14467253177
9.134 4.17399804497
9.144 4.1935483871
9.155 4.22776148583
9.165 4.24242424242
9.176 4.26686217009
9.186 4.34017595308
9.196 4.36950146628
9.206 4.36950146628
9.217 4.38905180841
9.228 4.39882697947
9.238 4.4330400782
9.248 4.45259042033
9.259 4.48191593353
9.269 4.49169110459
9.279 4.48191593353
9.29 4.48191593353
9.3 4.49169110459
9.311 4.49657869013
9.321 4.50635386119
9.331 4.477028348
9.341 4.44281524927
9.352 4.403714565
9.363 4.41348973607
9.373 4.403714565
9.383 4.37438905181
9.394 4.34506353861
9.404 4.27663734115
9.414 4.24731182796
9.425 4.21309872923
9.436 4.20332355816
9.446 4.11534701857
9.456 4.08602150538
9.466 4.02737047898
9.477 3.96383186706
9.488 3.95894428152
9.498 3.92961876833
9.508 3.91495601173
9.519 3.8514173998
9.529 3.79276637341
9.539 3.77810361681
9.549 3.75855327468
9.561 3.78787878788
9.571 3.69990224829
9.581 3.65591397849
9.591 3.6265884653
9.602 3.62170087977
9.612 3.5972629521
9.623 3.60703812317
9.633 3.5826001955
9.644 3.57771260997
9.654 3.54838709677
9.664 3.57282502444
9.674 3.59237536657
9.684 3.6412512219
9.696 3.66080156403
9.706 3.63147605083
9.716 3.64613880743
9.726 3.69990224829
9.737 3.73900293255
9.747 3.76344086022
9.758 3.79276637341
9.768 3.81231671554
9.779 3.81231671554
9.789 3.90518084066
9.799 3.9247311828
9.809 4.00293255132
9.821 3.99804496579
9.831 4.02737047898
9.841 4.02737047898
9.851 4.06647116325
9.862 4.12023460411
9.872 4.1495601173
9.882 4.1788856305
9.893 4.1788856305
9.904 4.2082111437
9.914 4.23264907136
9.924 4.27663734115
9.934 4.32062561095
9.945 4.28641251222
9.956 4.30107526882
9.966 4.31085043988
9.976 4.32062561095
9.987 4.33040078201
9.997 4.33528836755
10.007 4.31573802542
10.018 4.33528836755
10.031 4.29618768328
10.042 4.28152492669
10.053 4.25708699902
10.064 4.22776148583
10.076 4.2082111437
10.088 4.1788856305
10.099 4.1642228739
10.11 4.16911045943
10.122 4.12512218964
10.133 4.08602150538
10.144 4.05669599218
10.157 3.99315738025
10.168 3.93450635386
10.179 3.9247311828
10.19 3.8954056696
10.202 3.85630498534
10.213 3.85630498534
10.225 3.81231671554
10.236 3.82209188661
10.248 3.76832844575
10.259 3.72922776149
10.27 3.69012707722
10.281 3.68035190616
10.294 3.61681329423
10.305 3.65102639296
10.316 3.66080156403
10.328 3.65591397849
10.339 3.6265884653
10.35 3.67057673509
10.362 3.65102639296
10.374 3.6265884653
10.385 3.63147605083
10.396 3.64613880743
10.407 3.67546432063
10.42 3.66568914956
10.431 3.71456500489
10.442 3.76832844575
10.454 3.75366568915
10.465 3.76832844575
10.476 3.74389051808
10.488 3.76832844575
10.5 3.81720430108
10.511 3.8514173998
10.522 3.88563049853
10.533 3.97360703812
10.545 3.94428152493
10.557 3.95405669599
10.568 3.97360703812
10.579 3.99804496579
10.591 4.02248289345
10.602 4.05180840665
10.613 4.09090909091
10.626 4.12512218964
10.637 4.14467253177
10.648 4.16911045943
10.659 4.20332355816
10.671 4.19843597263
10.682 4.25219941349
10.694 4.25219941349
10.705 4.28152492669
10.717 4.30596285435
10.728 4.34017595308
10.739 4.34506353861
10.75 4.33528836755
10.763 4.36461388074
10.774 4.37927663734
10.785 4.37927663734
10.797 4.403714565
10.808 4.42326490714
10.82 4.45259042033
10.831 4.4623655914
10.843 4.49169110459
10.854 4.48680351906
10.865 4.49169110459
10.876 4.46725317693
10.889 4.50635386119
10.9 4.53567937439
10.911 4.55034213099
10.923 4.56011730205
10.934 4.60410557185
10.945 4.57966764418
10.957 4.58944281525
10.969 4.59433040078
10.98 4.60410557185
10.991 4.61388074291
11.002 4.62365591398
11.014 4.63831867058
11.026 4.65786901271
11.037 4.64809384164
11.048 4.63343108504
11.06 4.61876832845
11.071 4.60410557185
11.082 4.56989247312
11.095 4.56011730205
11.106 4.56500488759
11.117 4.56500488759
11.128 4.55034213099
11.14 4.52590420332
11.152 4.477028348
11.163 4.46725317693
11.174 4.43792766373
11.186 4.403714565
11.197 4.38905180841
11.208 4.37927663734
11.22 4.34995112414
11.232 4.32551319648
11.243 4.32551319648
11.254 4.24731182796
11.266 4.22776148583
11.277 4.1348973607
11.289 4.1495601173
11.3 4.09090909091
11.312 4.08113391984
11.323 4.05669599218
11.334 4.07135874878
11.345 3.98826979472
11.358 3.95894428152
11.369 3.91495601173
11.38 3.87096774194
11.392 3.82697947214
11.403 3.78787878788
11.414 3.79276637341
11.426 3.78787878788
11.438 3.76344086022
11.449 3.71945259042
11.46 3.68523949169
11.471 3.6412512219
11.483 3.63636363636
11.495 3.55816226784
11.506 3.56793743891
11.517 3.54838709677
11.529 3.55327468231
11.54 3.55816226784
11.552 3.53861192571
11.564 3.47996089932
11.575 3.42130987292
11.586 3.48484848485
11.597 3.39687194526
11.609 3.39198435973
11.621 3.36265884653
11.632 3.39198435973
11.643 3.39198435973
11.655 3.3431085044
11.666 3.3431085044
11.677 3.30400782014
11.689 3.27956989247
11.701 3.27956989247
11.712 3.26979472141
11.723 3.27468230694
11.735 3.33333333333
11.746 3.28445747801
11.758 3.3284457478
11.769 3.29423264907
11.781 3.27468230694
11.792 3.23069403715
11.803 3.30889540567
11.814 3.29423264907
11.827 3.25024437928
11.838 3.36265884653
11.849 3.42619745846
11.86 3.41153470186
11.872 3.40175953079
11.884 3.45063538612
11.895 3.42619745846
11.907 3.45552297165
11.918 3.48484848485
11.929 3.55816226784
11.94 3.5972629521
11.953 3.66568914956
11.964 3.63147605083
11.975 3.66080156403
11.986 3.68523949169
11.998 3.69990224829
12.009 3.71456500489
12.021 3.77810361681
12.033 3.83675464321
12.044 3.91495601173
12.055 3.8660801564
12.066 3.880742913
12.078 3.8954056696
12.09 3.90029325513
12.101 3.92961876833
12.112 3.96383186706
12.124 4.00782013685
12.135 4.05669599218
12.146 4.05180840665
12.158 4.07624633431
12.17 4.09090909091
12.181 4.09090909091
12.192 4.08113391984
12.204 4.1348973607
12.215 4.15933528837
12.227 4.18866080156
12.238 4.21798631476
12.25 4.25708699902
12.261 4.25219941349
12.272 4.26686217009
12.284 4.25708699902
12.296 4.30107526882
12.307 4.32551319648
12.318 4.33040078201
12.329 4.34506353861
12.341 4.36461388074
12.353 4.35972629521
12.364 4.34995112414
12.376 4.28641251222
12.387 4.33040078201
12.398 4.31573802542
12.409 4.33040078201
12.422 4.30596285435
12.433 4.30107526882
12.444 4.27663734115
12.455 4.26197458456
12.467 4.22776148583
12.478 4.19843597263
12.49 4.1495601173
12.502 4.09090909091
12.513 4.11045943304
12.524 4.07624633431
12.535 4.07624633431
12.547 4.04692082111
12.559 4.03714565005
12.57 3.97360703812
12.581 3.93939393939
12.593 3.87585532747
12.604 3.88563049853
12.616 3.90029325513
12.627 3.83675464321
12.639 3.81720430108
12.65 3.82209188661
12.661 3.76832844575
12.673 3.72922776149
12.685 3.72434017595
12.696 3.67546432063
12.707 3.6412512219
12.719 3.6412512219
12.73 3.63636363636
12.741 3.63147605083
12.753 3.6119257087
12.765 3.56304985337
12.776 3.55816226784
12.787 3.53372434018
12.798 3.50439882698
12.81 3.48484848485
12.822 3.48484848485
12.833 3.53861192571
12.845 3.48973607038
12.856 3.50439882698
12.867 3.52394916911
12.878 3.44086021505
12.891 3.36754643206
12.902 3.39687194526
12.913 3.38709677419
12.924 3.357771261
12.936 3.36754643206
12.947 3.41153470186
12.959 3.2991202346
12.971 3.31867057674
12.982 3.28934506354
12.993 3.26490713587
13.004 3.24046920821
13.017 3.23069403715
13.028 3.23069403715
13.039 3.25513196481
13.05 3.24535679374
13.062 3.23558162268
13.073 3.17204301075
13.085 3.18670576735
13.096 3.17204301075
13.108 3.15738025415
13.119 3.15738025415
13.13 3.17693059629
13.142 3.18670576735
13.154 3.16715542522
13.165 3.20136852395
13.176 3.15249266862
13.188 3.13782991202
13.199 3.09872922776
13.21 3.11827956989
13.222 3.09384164223
13.234 3.0889540567
13.245 3.11827956989
13.256 3.16226783969
13.267 3.11827956989
13.279 3.08406647116
13.291 3.0742913001
13.302 3.04985337243
13.314 2.98631476051
13.325 3.02541544477
13.336 3.0449657869
13.348 3.04007820137
13.36 3.0742913001
13.371 3.03519061584
13.382 3.0449657869
13.393 3.03519061584
13.405 2.97653958944
13.417 3.00097751711
13.428 3.03519061584
13.44 3.03519061584
13.451 3.04007820137
13.462 3.05474095797
13.473 3.06451612903
13.486 3.04007820137
13.497 3.04985337243
13.508 3.0303030303
13.519 3.04007820137
13.531 3.03519061584
13.542 3.0449657869
13.554 3.05474095797
13.565 3.08406647116
13.577 3.05474095797
13.588 2.95698924731
13.599 2.99608993157
13.611 3.06940371457
13.623 2.99608993157
13.634 3.03519061584
13.645 3.06451612903
13.657 3.09872922776
13.668 3.10850439883
13.679 3.11339198436
13.691 3.15738025415
13.703 3.14271749756
13.714 3.14271749756
13.725 3.20625610948
13.736 3.26490713587
13.749 3.35288367546
13.76 3.38709677419
13.771 3.41642228739
13.783 3.45552297165
13.794 3.46529814272
13.805 3.52394916911
13.817 3.5972629521
13.829 3.56304985337
13.84 3.61681329423
13.851 3.67057673509
13.862 3.75366568915
13.874 3.75855327468
13.886 3.80254154448
13.897 3.82697947214
13.908 3.90518084066
13.92 3.91495601173
13.931 3.93939393939
13.942 4.02248289345
13.955 4.12023460411
13.966 4.1495601173
13.977 4.1642228739
13.988 4.21309872923
14.0 4.22776148583
14.011 4.26197458456
14.023 4.27663734115
14.034 4.33528836755
14.046 4.37438905181
14.057 4.4330400782
14.068 4.4477028348
14.081 4.48191593353
14.092 4.48680351906
14.103 4.51612903226
14.114 4.55034213099
14.126 4.56500488759
14.137 4.57478005865
14.149 4.61876832845
14.16 4.64809384164
14.172 4.69208211144
14.183 4.69696969697
14.194 4.7165200391
14.205 4.73607038123
14.218 4.75562072336
14.229 4.76539589443
14.24 4.78494623656
14.252 4.81427174976
14.263 4.82404692082
14.274 4.85337243402
14.286 4.85337243402
14.298 4.87292277615
14.309 4.87781036168
14.32 4.88758553275
14.332 4.90713587488
14.345 4.92668621701
14.358 4.94134897361
14.37 4.95112414467
14.383 4.96578690127
14.395 4.98044965787
14.407 4.9853372434
14.42 5.0
14.433 5.0
14.445 5.0
14.457 5.0
14.47 5.0
14.483 5.0
14.495 5.0
14.508 5.0
14.52 5.0
14.532 5.0
14.544 5.0
14.558 5.0
14.57 5.0
14.582 5.0
14.595 5.0
14.607 5.0
14.62 5.0
14.632 5.0
14.645 5.0
14.657 5.0
14.669 5.0
14.683 5.0
14.695 5.0
14.707 5.0
14.72 5.0
14.732 5.0
14.744 5.0
14.757 5.0
14.77 5.0
14.782 5.0
14.794 5.0
14.807 5.0
14.82 5.0
14.832 5.0
14.844 5.0
14.857 5.0
14.869 4.99511241447
14.882 4.9706744868
14.895 4.95112414467
14.907 4.92668621701
14.919 4.90713587488
14.931 4.89247311828
14.944 4.86803519062
14.956 4.84848484848
14.967 4.83382209189
14.979 4.80938416422
14.99 4.79472140762
15.001 4.77517106549
15.013 4.77028347996
15.025 4.7458455523
15.036 4.7165200391
15.047 4.7018572825
15.058 4.66275659824
15.07 4.64809384164
15.082 4.62365591398
15.093 4.57966764418
15.105 4.56500488759
15.116 4.54545454545
15.127 4.52590420332
15.138 4.52101661779
15.151 4.48680351906
15.162 4.4477028348
15.173 4.49657869013
15.184 4.39882697947
15.196 4.38416422287
15.207 4.36461388074
15.219 4.34506353861
15.23 4.34506353861
15.242 4.31573802542
15.253 4.28641251222
15.264 4.25708699902
15.276 4.22776148583
15.288 4.1788856305
15.299 4.18377321603
15.31 4.1642228739
15.322 4.18377321603
15.333 4.13978494624
15.345 4.08113391984
15.356 4.10068426197
15.368 4.07624633431
15.379 4.04203323558
15.39 4.05669599218
15.401 4.00293255132
15.414 3.96383186706
15.425 3.97360703812
15.436 3.99804496579
15.448 3.98338220919
15.459 3.9247311828
15.47 3.90029325513
15.482 3.87585532747
15.494 3.8954056696
15.505 3.82209188661
15.516 3.83675464321
15.527 3.81720430108
15.539 3.88563049853
15.551 3.80254154448
15.562 3.81231671554
15.574 3.75855327468
15.585 3.73900293255
15.596 3.72434017595
15.607 3.72434017595
15.62 3.67057673509
15.631 3.69990224829
15.642 3.67057673509
15.653 3.67546432063
15.665 3.6412512219
15.676 3.61681329423
15.688 3.56304985337
15.699 3.57282502444
15.711 3.55327468231
15.722 3.52883675464
15.733 3.53861192571
15.746 3.52883675464
15.757 3.52883675464
15.768 3.51417399804
15.779 3.48973607038
15.791 3.47507331378
15.802 3.48484848485
15.814 3.42130987292
15.825 3.46041055718
15.837 3.47507331378
15.848 3.48484848485
15.859 3.47507331378
15.87 3.50928641251
15.883 3.47018572825
15.894 3.44086021505
15.905 3.45063538612
15.917 3.46041055718
15.928 3.44086021505
15.939 3.47996089932
15.951 3.50928641251
15.963 3.56304985337
15.974 3.53372434018
15.985 3.55816226784
15.996 3.56793743891
16.008 3.56304985337
16.02 3.51906158358
16.031 3.62170087977
16.043 3.6412512219
16.054 3.69012707722
16.065 3.70967741935
16.077 3.69501466276
16.089 3.75366568915
16.1 3.77810361681
16.111 3.75855327468
16.122 3.87096774194
16.134 3.87585532747
16.146 3.93450635386
16.157 3.94916911046
16.168 4.03225806452
16.18 3.94428152493
16.191 4.04203323558
16.202 4.07135874878
16.215 4.10068426197
16.226 4.13978494624
16.237 4.15933528837
16.248 4.20332355816
16.26 4.27663734115
16.271 4.27663734115
16.283 4.31085043988
16.294 4.34995112414
16.306 4.35972629521
16.317 4.403714565
16.328 4.42815249267
16.339 4.45259042033
16.352 4.49657869013
16.363 4.52101661779
16.374 4.55034213099
16.386 4.57966764418
16.397 4.60899315738
16.408 4.61876832845
16.42 4.64809384164
16.432 4.66275659824
16.443 4.67741935484
16.454 4.69696969697
16.465 4.7165200391
16.478 4.75073313783
16.489 4.75562072336
16.5 4.7605083089
16.512 4.78005865103
16.523 4.77517106549
16.534 4.79472140762
16.546 4.79960899316
16.558 4.79960899316
16.569 4.79960899316
16.58 4.81427174976
16.591 4.79960899316
16.603 4.79472140762
16.615 4.79472140762
16.626 4.77517106549
16.637 4.77517106549
16.649 4.77028347996
16.66 4.76539589443
16.671 4.74095796676
16.684 4.7311827957
16.695 4.71163245357
16.706 4.6871945259
16.717 4.67741935484
16.729 4.62854349951
16.74 4.60410557185
16.752 4.56989247312
16.763 4.56500488759
16.775 4.55034213099
16.786 4.55034213099
16.797 4.49657869013
16.809 4.4477028348
16.821 4.4477028348
16.832 4.44281524927
16.843 4.35972629521
16.855 4.35483870968
16.866 4.33040078201
16.878 4.31573802542
16.889 4.30107526882
16.901 4.28152492669
16.912 4.25708699902
16.923 4.2082111437
16.934 4.14467253177
16.947 4.12512218964
16.958 4.1348973607
16.969 4.10068426197
16.98 4.08602150538
16.992 4.08113391984
17.003 4.05180840665
17.015 4.00293255132
17.027 3.98826979472
17.038 3.91495601173
17.049 3.93939393939
17.06 3.87096774194
17.072 3.87096774194
17.084 3.85630498534
17.095 3.85630498534
17.106 3.82209188661
17.118 3.80742913001
17.129 3.77321603128
17.14 3.72434017595
17.153 3.69990224829
17.164 3.70478983382
